38
0
0 1 1300
1 2 490
1 5 285
2 3 110
2 14 470
3 4 200
4 5 440
4 6 445
4 11 325
4 13 355
5 6 135
6 7 280
7 8 245
7 10 355
7 12 380
8 9 140
9 10 165
10 32 565
11 12 300
12 13 360
12 14 1050
12 28 450
13 14 670
13 20 625
13 22 545
13 25 330
14 15 460
14 17 450
15 16 445
15 17 200
15 18 420
16 18 275
17 19 360
17 20 365
18 19 185
19 20 435
20 21 140
20 22 235
21 22 180
21 23 285
22 23 345
22 25 330
23 24 130
24 25 475
24 30 390
25 26 170
25 28 485
26 27 210
26 30 395
27 29 145
27 30 470
28 29 170
29 31 330
29 36 650
30 37 525
31 32 420
31 35 335
32 33 650
32 35 650
33 34 230
34 35 540
35 36 210
36 38 375
38 37 85